3 0.28376068376068375 0.5803418803418804 0.11168091168091167 0.13162393162393166
3 0.16182336182336182 0.5957264957264957 0.0547008547008547 0.13504273504273492
3 0.7544159544159544 0.594017094017094 0.16410256410256407 0.056410256410256425
3 0.7384615384615384 0.6829059829059829 0.08660968660968664 0.08034188034188033
3 0.7680911680911682 0.8547008547008548 0.1002849002849004 0.1470085470085469
3 0.4809116809116809 0.43333333333333335 0.09116809116809123 0.12820512820512817
3 0.4022792022792023 0.4495726495726496 0.06609686609686605 0.16410256410256407
3 0.31225071225071227 0.44700854700854703 0.0729344729344729 0.11794871794871789
3 0.22450142450142452 0.4427350427350427 0.08888888888888889 0.08888888888888885
3 0.7145299145299145 0.5162393162393163 0.13903133903133905 0.08547008547008553
3 0.588034188034188 0.4461538461538461 0.09116809116809123 0.13333333333333328
3 0.5071225071225072 0.564957264957265 0.07977207977207983 0.11111111111111115
3 0.6552706552706553 0.3581196581196581 0.10712250712250708 0.08376068376068378
3 0.5766381766381766 0.2931623931623931 0.13675213675213668 0.08376068376068371
3 0.41025641025641024 0.2948717948717949 0.08660968660968656 0.08717948717948719
3 0.32706552706552705 0.3418803418803419 0.08888888888888889 0.13675213675213668
3 0.23703703703703705 0.35384615384615387 0.11396011396011396 0.08205128205128208
3 0.22108262108262106 0.28888888888888886 0.13675213675213674 0.06495726495726498
3 0.7452991452991452 0.43846153846153846 0.10028490028490027 0.04615384615384613
3 0.7692307692307694 0.3675213675213675 0.08433048433048426 0.05470085470085472
3 0.5527065527065527 0.18888888888888886 0.10712250712250715 0.094017094017094
3 0.6564102564102563 0.11709401709401711 0.17777777777777787 0.035897435897435895
3 0.464957264957265 0.12307692307692307 0.08660968660968656 0.0923076923076923
3 0.3783475783475784 0.13162393162393163 0.07293447293447293 0.09914529914529915
3 0.28034188034188035 0.13846153846153847 0.07749287749287745 0.10940170940170944
1 0.49116809116809124 0.7256410256410255 0.12535612535612536 0.19999999999999993
1 0.3475783475783476 0.7222222222222223 0.07521367521367522 0.2205128205128205
1 0.23475783475783477 0.7401709401709402 0.05925925925925931 0.18119658119658127
1 0.6541310541310541 0.7051282051282051 0.15954415954415965 0.15555555555555564
1 0.5299145299145299 0.9076923076923077 0.12535612535612528 0.12991452991452987
1 0.43988603988603986 0.9179487179487179 0.09116809116809116 0.16410256410256407
1 0.32934472934472936 0.8794871794871795 0.11168091168091167 0.11111111111111115
1 0.22792022792022792 0.894017094017094 0.11851851851851848 0.1162393162393161
1 0.6598290598290599 0.8735042735042734 0.139031339031339 0.1504273504273503
