3 0.40525995413800303 0.823076923076923 0.07438315613925375 0.06324786324786316
3 0.505933708567855 0.8299145299145301 0.04488638732541176 0.09059829059829055
3 0.5065749426725037 0.7564102564102564 0.051298728371899076 0.056410256410256494
3 0.4719483010214718 0.7068376068376068 0.04360391911611423 0.07350427350427367
3 0.42321450906816765 0.735897435897436 0.06412341046487391 0.05299145299145294
3 0.3917940379403795 0.6786324786324787 0.03975651448822177 0.07521367521367522
3 0.4244969772774651 0.6444444444444444 0.03590910986032945 0.09572649572649566
3 0.46168855534709197 0.6358974358974359 0.023084427767354542 0.09230769230769226
3 0.5001626016260162 0.6068376068376068 0.03334417344173438 0.06837606837606841
3 0.491185324160934 0.6820512820512821 0.023084427767354542 0.08205128205128204
3 0.5315830727538046 0.7017094017094017 0.03975651448822177 0.09401709401709411
3 0.5399191161142382 0.611111111111111 0.03077923702313946 0.07692307692307693
3 0.5392778820095894 0.5512820512820512 0.06797081509276623 0.08034188034188042
3 0.491185324160934 0.48205128205128206 0.0410389826975193 0.07863247863247871
3 0.4655359599749845 0.541025641025641 0.046168855534709154 0.05982905982905983
3 0.4315505524286013 0.5606837606837607 0.02180195955805715 0.07863247863247856
3 0.45271127788200966 0.46410256410256406 0.025649364185949538 0.08376068376068374
3 0.5553087346258079 0.7068376068376068 0.017954554930164762 0.10427350427350433
3 0.5969889514279758 0.7247863247863248 0.03975651448822184 0.0854700854700856
3 0.6354629977069002 0.7273504273504274 0.024366895976652002 0.10085470085470093
3 0.5585149051490516 0.8273504273504274 0.02180195955805722 0.11965811965811951
3 0.6130198040441944 0.8504273504273505 0.0436039191161143 0.07350427350427352
3 0.6514938503231187 0.8478632478632478 0.0410389826975193 0.0581196581196582
3 0.5886529080675423 0.4205128205128205 0.030779237023139602 0.11623931623931626
3 0.5508200958932667 0.4726495726495727 0.02693183239524707 0.10769230769230774
3 0.539919116114238 0.39059829059829054 0.03590910986032938 0.08717948717948723
3 0.4783606420679592 0.3752136752136752 0.04873379195330415 0.09743589743589745
3 0.49823889931207005 0.4461538461538461 0.024366895976652144 0.17777777777777778
3 0.5982714196372734 0.5376068376068376 0.042321450906816833 0.09059829059829064
3 0.633539295392954 0.5222222222222223 0.02821430060454439 0.09059829059829055
3 0.5828818011257035 0.6324786324786325 0.029496768813841997 0.054700854700854645
3 0.6175084427767356 0.6282051282051282 0.029496768813841997 0.06666666666666657
3 0.6457227433812801 0.6487179487179486 0.01667208672086737 0.09401709401709396
3 0.6854792578695019 0.5273504273504274 0.03719157806962699 0.08034188034188033
3 0.5630035438815928 0.3111111111111111 0.02821430060454439 0.13333333333333336
3 0.5309418386491558 0.2863247863247863 0.035909109860329524 0.1452991452991453
3 0.5014450698353138 0.2905982905982906 0.04103898269751923 0.09230769230769234
3 0.6098136335209506 0.33760683760683763 0.034626641651031916 0.08034188034188033
3 0.6296918907650615 0.4393162393162393 0.020519491348759616 0.10256410256410248
3 0.6829143214509069 0.45042735042735044 0.04488638732541176 0.09401709401709404
3 0.6585474254742547 0.35128205128205126 0.04745132374400654 0.046153846153846205
3 0.6514938503231187 0.2735042735042735 0.07694809255784868 0.07179487179487182
3 0.6078899312070045 0.2 0.048733791953304004 0.05470085470085472
3 0.5437665207421305 0.1717948717948718 0.02821430060454446 0.0735042735042735
3 0.582240567021055 0.2094017094017094 0.03334417344173445 0.08034188034188033
3 0.6457227433812801 0.1717948717948718 0.029496768813841997 0.09743589743589742
3 0.6906091307066918 0.1829059829059829 0.03975651448822177 0.044444444444444425
3 0.6784256827183657 0.23846153846153847 0.05642860120908892 0.03931623931623936
