3 0.5464387464387465 0.4017094017094017 0.04672364672364665 0.2461538461538462
3 0.5054131054131054 0.28632478632478636 0.03988603988603984 0.19316239316239323
3 0.6091168091168091 0.43675213675213675 0.0626780626780628 0.23418803418803424
3 0.6096866096866097 0.24786324786324784 0.08433048433048441 0.1709401709401709
3 0.6826210826210826 0.3692307692307692 0.045584045584045614 0.19487179487179485
3 0.4290598290598291 0.6495726495726495 0.06039886039886035 0.1880341880341881
3 0.38233618233618233 0.6726495726495727 0.046723646723646726 0.18974358974358993
3 0.3954415954415954 0.4931623931623932 0.05470085470085472 0.2
3 0.44501424501424497 0.4247863247863248 0.03532763532763532 0.21367521367521372
3 0.49629629629629624 0.47008547008547014 0.04216524216524221 0.16068376068376067
3 0.49002849002849 0.6452991452991452 0.0524216524216525 0.14871794871794874
3 0.5447293447293448 0.7 0.07065527065527072 0.18290598290598298
3 0.566951566951567 0.5820512820512821 0.0717948717948719 0.06666666666666664
3 0.609116809116809 0.6649572649572648 0.05356125356125354 0.07521367521367515
3 0.6284900284900284 0.7324786324786325 0.07863247863247863 0.09743589743589737
3 0.2712250712250712 0.7247863247863248 0.06381766381766386 0.20854700854700853
3 0.32592592592592595 0.7683760683760683 0.054700854700854645 0.2
3 0.14586894586894586 0.6752136752136753 0.06153846153846154 0.30085470085470084
3 0.1703703703703704 0.764102564102564 0.06039886039886039 0.20854700854700867
3 0.23304843304843306 0.500854700854701 0.06951566951566952 0.15726495726495734
3 0.2729344729344729 0.4401709401709402 0.06723646723646723 0.15555555555555564
3 0.31054131054131057 0.38888888888888884 0.0809116809116809 0.13504273504273506
3 0.38404558404558403 0.33162393162393167 0.06837606837606834 0.11282051282051285
3 0.1304843304843305 0.41025641025641024 0.0923076923076923 0.18119658119658122
3 0.2723646723646724 0.2555555555555556 0.07065527065527064 0.13162393162393163
3 0.3754985754985755 0.22820512820512817 0.10370370370370367 0.11452991452991451
3 0.09287749287749289 0.7025641025641025 0.0945868945868946 0.24957264957264955
3 0.04558404558404558 0.7333333333333334 0.05698005698005697 0.10598290598290604
3 0.7538461538461538 0.8256410256410257 0.06039886039886028 0.21880341880341875
3 0.7054131054131054 0.7094017094017093 0.04558404558404547 0.21880341880341875
3 0.8415954415954416 0.870940170940171 0.08319088319088323 0.20683760683760666
