3 0.36677814938684505 0.46283500557413604 0.07580824972129321 0.23191304347826083
3 0.26086956521739135 0.4489598662207358 0.08695652173913046 0.4420222965440357
3 0.17168338907469344 0.5718539576365663 0.10256410256410257 0.2596633221850613
3 0.12486064659977704 0.6650156075808249 0.08249721293199555 0.2596633221850614
3 0.16889632107023408 0.8820624303232998 0.0903010033444816 0.150644370122631
3 0.2681159420289855 0.8657090301003345 0.06354515050167225 0.26858193979933104
3 0.33890746934225197 0.8954414715719063 0.049052396878483825 0.20911705685618728
3 0.39687848383500557 0.837958751393534 0.07357859531772576 0.32408249721293203
3 0.44871794871794873 0.9197235228539578 0.056856187290969945 0.150644370122631
3 0.5306577480490524 0.8330033444816054 0.06243032329988857 0.3102073578595318
3 0.6666666666666667 0.8131817168338906 0.06911928651059085 0.31813600891861754
3 0.7441471571906355 0.8285440356744703 0.05016722408026766 0.3211103678929764
3 0.8311036789297659 0.860258639910814 0.05908584169453746 0.24578818283166115
3 0.5702341137123745 0.6184347826086956 0.2508361204013378 0.13875139353400215
3 0.4620958751393534 0.34886064659977706 0.09698996655518399 0.45986176142697877
3 0.3768115942028986 0.28146711259754736 0.09810479375696765 0.13478706800445933
3 0.09253065774804906 0.2913779264214047 0.09810479375696769 0.2854314381270903
3 0.19955406911928653 0.17938573021181717 0.0713489409141583 0.2636276477146043
3 0.12318840579710144 0.12586733556298774 0.07246376811594202 0.1605551839464883
3 0.2787068004459309 0.11992084726867336 0.07580824972129317 0.22794871794871796
3 0.37458193979933113 0.12784949832775921 0.08249721293199563 0.23587736900780382
3 0.5022296544035675 0.11397435897435898 0.11928651059085837 0.19226978818283164
3 0.5674470457079153 0.23587736900780382 0.06465997770345595 0.37264659977703457
3 0.6399108138238573 0.14866220735785954 0.04236343366778151 0.2576811594202899
3 0.7263099219620958 0.30624414715719067 0.11928651059085837 0.20019843924191755
3 0.7263099219620958 0.6095150501672241 0.08807134894091419 0.14469788182831672
3 0.8193979933110367 0.4469777034559643 0.08249721293199556 0.1605551839464883
