3 0.501994301994302 0.7025641025641025 0.012535612535612514 0.04786324786324783
3 0.5094017094017094 0.5974358974358974 0.018233618233618215 0.06324786324786323
3 0.4934472934472934 0.6 0.015954415954415994 0.06495726495726493
3 0.4729344729344729 0.5752136752136753 0.027350427350427396 0.06324786324786323
3 0.4888888888888889 0.541025641025641 0.013675213675213698 0.07350427350427345
3 0.5082621082621083 0.5444444444444444 0.009116809116809108 0.07692307692307701
3 0.5207977207977208 0.5478632478632479 0.013675213675213627 0.07692307692307701
3 0.5413105413105412 0.5615384615384617 0.018233618233618288 0.07008547008547004
3 0.5327635327635327 0.6247863247863248 0.014814814814814881 0.05641025641025635
3 0.5059829059829059 0.6641025641025641 0.01595441595441592 0.04615384615384613
3 0.5202279202279202 0.6649572649572648 0.01481481481481474 0.06153846153846154
3 0.5378917378917378 0.6683760683760684 0.02051282051282044 0.03760683760683761
3 0.5595441595441595 0.6205128205128205 0.02051282051282044 0.04786324786324783
3 0.5635327635327634 0.5572649572649573 0.017094017094017176 0.06495726495726493
3 0.5823361823361822 0.6042735042735042 0.018233618233618215 0.06666666666666664
3 0.5589743589743589 0.6931623931623931 0.014814814814814881 0.0598290598290599
3 0.5800569800569799 0.6854700854700855 0.022792022792022734 0.061538461538461604
3 0.5487179487179487 0.7162393162393162 0.017094017094017033 0.041025641025641164
3 0.5321937321937321 0.7188034188034189 0.018233618233618215 0.04273504273504287
3 0.5196581196581196 0.7196581196581195 0.018233618233618215 0.04786324786324798
3 0.5225071225071224 0.48888888888888893 0.02621082621082614 0.06837606837606841
3 0.4991452991452991 0.4282051282051282 0.018233618233618215 0.08034188034188026
3 0.474074074074074 0.4188034188034188 0.02962962962962962 0.09230769230769226
3 0.5492877492877493 0.4726495726495727 0.020512820512820582 0.11111111111111115
3 0.5059829059829059 0.7512820512820514 0.02051282051282051 0.04273504273504287
3 0.5321937321937321 0.7794871794871796 0.018233618233618215 0.05811965811965805
3 0.5532763532763532 0.7803418803418803 0.014814814814814881 0.06324786324786316
3 0.5675213675213675 0.7316239316239316 0.011396011396011332 0.054700854700854645
3 0.5891737891737892 0.7623931623931623 0.013675213675213698 0.064957264957265
3 0.6022792022792022 0.641025641025641 0.0193732193732194 0.05128205128205117
3 0.5623931623931623 0.4837606837606838 0.021652421652421695 0.06837606837606841
3 0.5789173789173788 0.49401709401709404 0.018233618233618215 0.07179487179487182
3 0.572079772079772 0.4333333333333333 0.013675213675213627 0.07692307692307686
3 0.5977207977207977 0.4931623931623932 0.019373219373219328 0.08034188034188033
3 0.5977207977207977 0.4282051282051282 0.023931623931623916 0.07008547008547004
3 0.5367521367521367 0.411965811965812 0.020512820512820582 0.04786324786324783
3 0.519088319088319 0.41709401709401717 0.023931623931623916 0.061538461538461535
3 0.5002849002849002 0.36324786324786323 0.027350427350427323 0.07692307692307693
3 0.48205128205128206 0.34700854700854705 0.018233618233618288 0.08205128205128208
3 0.5293447293447292 0.3547008547008547 0.019373219373219328 0.094017094017094
3 0.5105413105413105 0.8282051282051281 0.022792022792022807 0.05641025641025635
3 0.5396011396011395 0.8264957264957264 0.021652421652421695 0.05641025641025635
3 0.5635327635327635 0.8162393162393162 0.028490028490028435 0.04273504273504272
