3 0.457002293099854 0.865811965811966 0.08867208672086725 0.19658119658119644
3 0.37628795775137236 0.8478632478632478 0.07957751372385523 0.1743589743589743
3 0.37287749287749294 0.7102564102564102 0.07503022722534915 0.13504273504273512
3 0.3927718713084567 0.6435897435897436 0.07161976235146966 0.23760683760683754
3 0.43767632548120344 0.6735042735042736 0.08639844347161428 0.294017094017094
3 0.5144117851434925 0.676068376068376 0.055704259606698656 0.282051282051282
3 0.5519268987561672 0.8410256410256409 0.08526162184698763 0.21538461538461534
3 0.5888736015565285 0.6931623931623931 0.07048294072684314 0.26153846153846144
3 0.6621985963449378 0.7700854700854701 0.06252518935445757 0.31623931623931617
3 0.46325481203529983 0.4170940170940171 0.10117712459175877 0.31111111111111106
3 0.37230908206517965 0.3128205128205128 0.08753526509624074 0.23931623931623933
3 0.3080786602737822 0.3145299145299145 0.07957751372385516 0.22564102564102562
3 0.5593162393162393 0.3863247863247864 0.06820929747759016 0.3931623931623932
3 0.640030574664721 0.46068376068376066 0.07275658397609618 0.29572649572649573
3 0.7059662288930582 0.47008547008547 0.056841081231325176 0.3829059829059828
3 0.7849753318046001 0.4777777777777777 0.08298797859773487 0.3401709401709401
3 0.6320728232923355 0.20769230769230768 0.09321937321937306 0.22393162393162389
3 0.5007699256479744 0.18376068376068375 0.06707247585296372 0.2717948717948718
3 0.4160767146133 0.18803418803418803 0.0977666597178792 0.23589743589743592
3 0.39618233618233617 0.04529914529914529 0.053430616357445615 0.08376068376068374
