3 0.31706249999999997 0.8170940170940171 0.1248472222222222 0.17094017094017105
3 0.1959236111111111 0.723931623931624 0.11743055555555554 0.22735042735042732
3 0.27565277777777775 0.6196581196581197 0.1285555555555555 0.19316239316239311
3 0.3918472222222222 0.6128205128205129 0.08899999999999998 0.2854700854700855
3 0.4876458333333333 0.6205128205128205 0.07045833333333335 0.1914529914529914
3 0.5649027777777778 0.6435897435897436 0.1063055555555556 0.23076923076923073
3 0.43572916666666656 0.7803418803418803 0.08529166666666661 0.2
3 0.5290555555555555 0.8051282051282053 0.1063055555555556 0.17777777777777787
3 0.1137222222222222 0.5965811965811966 0.1260833333333333 0.10256410256410256
3 0.19406944444444446 0.505982905982906 0.10383333333333335 0.1401709401709401
3 0.28801388888888885 0.4102564102564103 0.16811111111111107 0.2324786324786325
3 0.4258402777777778 0.3658119658119658 0.1124861111111111 0.26666666666666666
3 0.5679930555555555 0.3717948717948718 0.10012499999999996 0.3948717948717949
3 0.6829513888888888 0.34102564102564104 0.09270833333333343 0.32649572649572645
